MainWindowPositionSize=-9 -9 1938 1060
CameraPositionRotation=9.236819 1.874200 -2.886096 0.905964 -0.044308 0.420527 0.020567
OpenMetricsWindow=0

